"","selic","vcambio","hiato","Dt"
"1",18.97,0.0417000000000001,-10.2220328659927,1.22017543859649
"2",18.72,-0.073,-0.585228784180963,1.282125
"3",18.38,-0.0262000000000002,1.95273454000065,1.48272727272727
"4",18.37,0.16,2.6879144197968,1.45861111111111
"5",18.1,0.2336,-1.29431166482513,1.3675
"6",18.17,0.2206,5.79384923074585,1.09032608695652
"7",17.84,0.1755,5.87466969100215,1.31212121212121
"8",17.89,0.2319,3.67929428589755,1.7077380952381
"9",19.59,0.4639,12.3225279868425,2.6536231884058
"10",21.25,-0.2295,5.34265948714712,5.58808333333333
"11",23.03,0.0495000000000001,-6.60895804555123,6.89476190476191
"12",25.06,-0.1875,-7.63609967872164,7.70708333333333
"13",25.68,0.1524,-10.6538964592761,7.95708333333333
"14",26.32,-0.1439,-3.98349336115108,7.87486842105263
"15",26.32,-0.3282,-5.40032088760886,7.47216666666667
"16",26.31,-0.163,-1.76259308190382,6.89071428571429
"17",26.09,-0.0725000000000002,-6.26565162896425,6.0665
"18",25.36,-0.00340000000000007,-0.462841366624257,3.46942028985507
"19",23.5,0.1227,-0.443185535894065,2.49507936507936
"20",21.02,-0.0796999999999999,4.18752255570751,1.90659090909091
"21",19.54,-0.0613000000000001,9.0191452109201,1.42325757575758
"22",18.31,0.0523000000000002,2.10122440359228,0.909625
"23",16.91,0.0114999999999998,-6.33505300243458,0.4875
"24",16.32,-0.0735000000000001,-8.00540769987672,2.104625
"25",16.3,0.0785,-11.6959142509152,1.96990740740741
"26",16.19,-0.0247999999999999,3.30178040481751,1.80663043478261
"27",15.96,0.000500000000000167,-2.65928647095403,1.73833333333333
"28",15.77,0.1944,1.8048078353979,1.71948412698413
"29",15.8,0.0287000000000002,1.1811723010848,1.97190476190476
"30",15.77,-0.0923000000000003,5.47959219007137,1.2407196969697
"31",15.86,-0.0339,7.41424268102101,1.23772727272727
"32",16.09,-0.1118,7.01260697270157,1.37714285714286
"33",16.41,-0.0381999999999998,8.23725135550459,1.39616666666667
"34",16.96,-0.0669,5.88048950021242,1.40710526315789
"35",17.5,-0.0678000000000001,-2.66162390529937,1.26380952380952
"36",17.93,-0.0251999999999999,-7.24590308025587,1.13380952380952
"37",18.47,-0.0952000000000002,-12.8216298665518,1.09907407407407
"38",18.97,0.1069,0.0655698387828096,1.09045454545455
"39",19.32,-0.1255,-1.41136907296763,1.21433333333333
"40",19.61,-0.1264,2.88453392247611,1.28527777777778
"41",19.75,-0.0392999999999999,2.87744380781211,1.08704545454545
"42",19.72,-0.04,1.52712991124963,0.789484126984127
"43",19.75,-0.0129000000000001,6.89733103305269,0.599710144927536
"44",19.61,-0.0661999999999998,2.53846062886987,0.366547619047619
"45",19.25,-0.0379,4.09789244134231,0.2125
"46",18.87,-0.0457000000000001,2.32704317315486,0.149041666666666
"47",18.24,0.0747,-4.39838704372833,0.00318181818181795
"48",17.65,-0.0116000000000001,-7.88828106808119,0.0554166666666667
"49",17.28,-0.112,-12.0128299119338,0.113888888888889
"50",16.74,-0.00990000000000002,1.06157084454026,0.0391304347826085
"51",16.19,-0.0226999999999999,-6.55037379265682,-0.0396296296296299
"52",15.7,0.0488,3.71502152404935,-0.099962121212121
"53",15.18,0.0701999999999998,-1.25329763117088,-0.172380952380952
"54",14.98,-0.0590000000000002,1.37548108659341,-0.291269841269841
"55",14.66,-0.0333999999999999,6.25490664880266,-0.261594202898551
"56",14.17,0.0127999999999999,0.149231242844667,-0.417125
"57",13.95,-0.0204,4.47575679103463,-0.501031746031746
"58",13.65,0.00960000000000027,2.4781238382224,-0.476166666666667
"59",13.19,-0.00800000000000001,-7.28297801097018,-0.448
"60",13.13,-0.0114000000000001,-7.52656327209639,-0.452272727272727
"61",12.93,-0.0422000000000002,-12.4272741212891,-0.522222222222222
"62",12.74,-0.00760000000000005,1.95168519972253,-0.59875
"63",12.58,-0.0566999999999998,-4.40931757894844,-0.636666666666667
"64",12.43,-0.0504,5.16425167836294,-0.742878787878788
"65",12.03,-0.0497000000000001,1.78658887757311,-0.70925
"66",11.73,-0.0490999999999999,4.6197051020208,-0.626515151515152
"67",11.43,0.0831999999999999,9.75629226336947,-0.56695652173913
"68",11.22,-0.0664,2.77259259797473,-0.470526315789474
"69",11.18,-0.0986,12.4057298565096,-0.429318181818182
"70",11.18,-0.0310999999999999,6.61489958466154,-0.415333333333334
"71",11.18,0.0161,-3.7194269771425,-0.3105
"72",11.18,-0.0117,-1.55197417104061,-0.159469696969697
"73",11.18,-0.0466,-5.49651755487483,-0.121140350877193
"74",11.18,-0.0201,1.25381014558869,-0.0982499999999999
"75",11.37,-0.0186999999999999,2.72310876413241,0.0606349206349206
"76",11.63,-0.0284,6.06370133445221,0.3645
"77",12.09,-0.0416000000000001,6.82422128083447,0.781190476190476
"78",12.36,-0.0275000000000001,12.1394132579086,1.11391304347826
"79",12.92,0.0209000000000001,10.4303134602514,0.975396825396825
"80",13.39,0.1873,10.7908449117262,0.774431818181819
"81",13.66,0.3733,11.8730946922923,0.617753623188406
"82",13.64,0.0934000000000004,-0.768891088408068,0.790541666666666
"83",13.66,0.1281,-18.4555201511486,0.63
"84",13.32,-0.0870000000000002,-18.9240197170348,0.282420634920635
"85",12.66,0.00530000000000008,-21.6669796098505,0.144907407407407
"86",11.7,0.0011000000000001,-8.88853366898948,-0.0211363636363637
"87",11.11,-0.1079,-12.4833720352076,-0.185
"88",10.16,-0.145,-6.33766600369363,-0.174541666666667
"89",9.54,-0.1033,-5.55006377294682,-0.159761904761905
"90",9.01,-0.0247999999999999,-0.0738440951084099,-0.0636956521739133
"91",8.65,-0.0876000000000001,1.69537897342975,-0.170476190476191
"92",8.65,-0.0253999999999999,1.30633142229472,-0.164404761904762
"93",8.65,-0.0814000000000001,7.41931486056545,-0.0879365079365077
"94",8.65,-0.0122,2.94241860174632,-0.0732083333333332
"95",8.65,0.0241,-4.66249706166678,-0.00999999999999979
"96",8.65,0.0295000000000001,-7.79040983343269,0.0352916666666666
"97",8.65,0.0617999999999999,-10.1998902832974,0.2475
"98",8.65,-0.0557999999999998,5.82835979144045,0.451413043478261
"99",8.72,-0.0292000000000001,-0.212653629180992,0.649
"100",9.4,0.0566,4.60636938186511,0.751111111111111
"101",9.94,-0.00669999999999993,2.60563988935934,0.700238095238095
"102",10.32,-0.0368999999999999,6.81416731365898,0.557537878787879
"103",10.66,-0.01,7.82379288828597,0.433939393939394
"104",10.66,-0.0409000000000002,5.35366319300806,0.443214285714286
"105",10.66,-0.0351999999999999,7.07673844475586,0.508416666666667
"106",10.66,0.0298,6.02528201701194,0.622333333333334
"107",10.66,-0.0199,-4.23208622256572,0.763478260869565
"108",10.85,-0.0185,-7.71914715835404,0.884563492063492
"109",11.17,-0.00690000000000013,-5.64903864342275,1.07233333333333
"110",11.62,-0.00889999999999991,3.14566200654429,1.12666666666667
"111",11.74,-0.0727,-3.7598714427232,1.33614035087719
"112",11.92,0.0270999999999999,5.63035756012077,1.2757196969697
"113",12.1,-0.0265,1.31751126541697,1.15380952380952
"114",12.25,-0.0230999999999999,4.50574343057954,1.16277777777778
"115",12.42,0.0330999999999999,9.0776739485749,1.08304347826087
"116",11.91,0.1528,3.1247739216188,1.20857142857143
"117",11.7,0.0227999999999999,4.56139339220802,1.24041666666667
"118",11.4,0.0179,2.46368972375709,1.137125
"119",10.9,0.0464,-5.91856791269715,0.887272727272728
"120",10.7,-0.0471999999999999,-12.8175712163305,0.772083333333333
"121",10.4,-0.0713000000000001,-11.7496355603962,0.728771929824561
"122",9.82,0.0769,-2.03056355001752,0.810795454545455
"123",9.35,0.0595000000000001,-8.81595909880865,0.746166666666667
"124",8.87,0.1312,0.7142292201848,0.847272727272727
"125",8.39,0.0631999999999999,-3.40851178193391,0.7775
"126",8.07,-0.0204999999999997,2.69393031104772,0.758333333333333
"127",7.85,0.000699999999999701,9.59098602479067,0.875797101449276
"128",7.39,-0.00130000000000008,1.65397441667372,0.952368421052632
"129",7.23,0.00170000000000003,9.94764136905772,0.921818181818182
"130",7.14,0.0380000000000003,3.10661927218101,0.897375
"131",7.16,0.00999999999999979,-9.24246809567249,0.932
"132",7.11,-0.0467,-6.91918803329901,1.08625
"133",7.12,-0.0577999999999999,-13.1568137923925,1.16296296296296
"134",7.15,0.00949999999999984,-3.60702471688457,1.1845
"135",7.26,0.0194000000000003,0.543446286756808,1.20530303030303
"136",7.42,0.0326,3.8291413194448,1.28892857142857
"137",7.9,0.1382,0.704265663296642,1.32675
"138",8.23,0.0792000000000002,7.10868812229858,1.34032608695652
"139",8.45,0.0899999999999999,11.2688128702572,1.31075757575758
"140",8.9,-0.0716999999999999,6.80542862438092,1.39654761904762
"141",9.25,-0.0819000000000001,12.3199078195206,1.42442028985507
"142",9.45,0.1068,6.08333567798292,1.41579166666667
"143",9.9,0.0501,-9.68489307302292,1.45142857142857
"144",10.17,0.0367000000000002,-6.92312450522232,1.46965909090909
"145",10.43,0.00150000000000006,-6.94916846885703,1.42208333333333
"146",10.65,-0.0576000000000003,-1.5960376537142,1.56565789473684
"147",10.87,-0.0932999999999997,-2.58083460103522,1.77533333333333
"148",10.9,-0.0119000000000002,3.57589690094911,1.77011904761905
"149",10.9,0.0146000000000002,-2.9806862077156,1.76225
"150",10.9,-0.0108999999999999,7.16051263005791,1.76826086956522
"151",10.9,0.0433999999999997,9.57131207787389,1.7747619047619
"152",10.9,0.0649000000000002,9.33083147950475,1.79204545454545
"153",10.92,0.1154,13.6836595285655,1.82398550724638
"154",11.15,0.1001,4.30113932198292,1.91891666666667
"155",11.58,0.0910000000000002,-7.88789331959311,2.02
"156",11.82,-0.00520000000000032,-6.99094990331314,2.16246031746032
"157",12.15,0.1823,-11.166662006538,2.475
"158",12.58,0.323,0.630004135505815,2.83613636363636
"159",12.68,-0.0962999999999998,-4.70890937153223,2.836
"160",13.15,0.0185,0.476498789585869,2.65454166666667
"161",13.58,0.0499999999999998,0.410181841652794,2.63285714285714
"162",13.69,0.1114,4.2797646845173,2.47894927536232
"163",14.15,0.2912,7.21126867129661,2.24492063492063
"164",14.15,0.3922,4.21346946443442,2.12321428571429
"165",14.15,-0.0263999999999998,8.07417044418467,2.22293650793651
"166",14.15,-0.1036,-2.00136955341349,2.34316666666667
"167",14.15,0.0946000000000002,-13.1028602595934,2.31318181818182
"168",14.15,0.181299999999999,-13.6974319759521,2.43970833333333
"169",14.15,-0.0786999999999995,-13.6177347707573,2.77219298245614
"170",14.15,-0.2698,-4.02185112161791,2.58647727272727
"171",14.15,-0.1381,-4.23175703704642,2.1925
"172",14.15,-0.0265,0.197454303282417,1.90003968253968
"173",14.15,-0.1148,2.46027161974953,1.86068181818182
"174",14.15,-0.1489,5.33764416295292,1.6190873015873
"175",14.15,-0.0658999999999996,10.0245722932321,1.35536231884058
"176",14.15,0.0467,7.86460852460075,1.15345238095238
"177",14.05,-0.0706000000000002,8.07265995937298,0.855583333333333
"178",13.9,0.1562,4.42428550139536,0.592958333333333
"179",13.65,0.0103,-6.31020967046934,0.39
